/*--------------------------------*- C++ -*----------------------------------*\
| =========                 |                                                 |
| \\      /  F ield         | OpenFOAM: The Open Source CFD Toolbox           |
|  \\    /   O peration     | Version:  2512                                  |
|   \\  /    A nd           | Website:  www.openfoam.com                      |
|    \\/     M anipulation  |                                                 |
\*---------------------------------------------------------------------------*/
FoamFile
{
    version     2.0;
    format      ascii;
    arch        "LSB;label=32;scalar=64";
    note        "nPoints:12696  nCells:6088  nFaces:24612  nInternalFaces:11916";
    class       labelList;
    location    "constant/polyMesh";
    object      neighbour;
}
// * * * * * * * * * * * * * * * * * * * * * * * * * * * * * * * * * * * * * //


11916
(
1
24
2
25
3
26
4
27
5
28
6
29
7
30
8
31
9
32
10
33
11
34
12
35
13
36
14
37
15
38
16
39
17
40
18
41
19
42
20
43
21
44
22
45
23
46
47
192
25
48
26
49
27
50
28
51
29
52
30
53
31
54
32
55
33
56
34
57
35
58
36
59
37
60
38
61
39
62
40
63
41
64
42
65
43
66
44
67
45
68
46
69
47
70
71
208
49
72
50
73
51
74
52
75
53
76
54
77
55
78
56
79
57
80
58
81
59
82
60
83
61
84
62
85
63
86
64
87
65
88
66
89
67
90
68
91
69
92
70
93
71
94
95
224
73
96
74
97
75
98
76
99
77
100
78
101
79
102
80
103
81
104
82
105
83
106
84
107
85
108
86
109
87
110
88
111
89
112
90
113
91
114
92
115
93
116
94
117
95
118
119
240
97
120
98
121
99
122
100
123
101
124
102
125
103
126
104
127
105
128
106
129
107
130
108
131
109
132
110
133
111
134
112
135
113
136
114
137
115
138
116
139
117
140
118
141
119
142
143
256
121
144
122
145
123
146
124
147
125
148
126
149
127
150
128
151
129
152
130
153
131
154
132
155
133
156
134
157
135
158
136
159
137
160
138
161
139
162
140
163
141
164
142
165
143
166
167
272
145
168
146
169
147
170
148
171
149
172
150
173
151
174
152
175
153
176
154
177
155
178
156
179
157
180
158
181
159
182
160
183
161
184
162
185
163
186
164
187
165
188
166
189
167
190
191
288
169
544
170
545
171
546
172
547
173
548
174
549
175
550
176
551
177
552
178
553
179
554
180
555
181
556
182
557
183
558
184
559
185
560
186
561
187
562
188
563
189
564
190
565
191
566
304
567
193
208
194
209
195
210
196
211
197
212
198
213
199
214
200
215
201
216
202
217
203
218
204
219
205
220
206
221
207
222
223
320
209
224
210
225
211
226
212
227
213
228
214
229
215
230
216
231
217
232
218
233
219
234
220
235
221
236
222
237
223
238
239
348
225
240
226
241
227
242
228
243
229
244
230
245
231
246
232
247
233
248
234
249
235
250
236
251
237
252
238
253
239
254
255
376
241
256
242
257
243
258
244
259
245
260
246
261
247
262
248
263
249
264
250
265
251
266
252
267
253
268
254
269
255
270
271
404
257
272
258
273
259
274
260
275
261
276
262
277
263
278
264
279
265
280
266
281
267
282
268
283
269
284
270
285
271
286
287
432
273
288
274
289
275
290
276
291
277
292
278
293
279
294
280
295
281
296
282
297
283
298
284
299
285
300
286
301
287
302
303
460
289
304
290
305
291
306
292
307
293
308
294
309
295
310
296
311
297
312
298
313
299
314
300
315
301
316
302
317
303
318
319
488
305
306
307
308
309
310
311
312
313
314
315
316
317
318
319
516
321
348
322
349
323
350
324
351
325
352
326
353
327
354
328
355
329
356
330
357
331
358
332
359
333
360
334
361
335
362
336
363
337
364
338
365
339
366
340
367
341
368
342
369
343
370
344
371
345
372
346
373
347
374
375
349
376
350
377
351
378
352
379
353
380
354
381
355
382
356
383
357
384
358
385
359
386
360
387
361
388
362
389
363
390
364
391
365
392
366
393
367
394
368
395
369
396
370
397
371
398
372
399
373
400
374
401
375
402
403
377
404
378
405
379
406
380
407
381
408
382
409
383
410
384
411
385
412
386
413
387
414
388
415
389
416
390
417
391
418
392
419
393
420
394
421
395
422
396
423
397
424
398
425
399
426
400
427
401
428
402
429
403
430
431
405
432
406
433
407
434
408
435
409
436
410
437
411
438
412
439
413
440
414
441
415
442
416
443
417
444
418
445
419
446
420
447
421
448
422
449
423
450
424
451
425
452
426
453
427
454
428
455
429
456
430
457
431
458
459
433
460
434
461
435
462
436
463
437
464
438
465
439
466
440
467
441
468
442
469
443
470
444
471
445
472
446
473
447
474
448
475
449
476
450
477
451
478
452
479
453
480
454
481
455
482
456
483
457
484
458
485
459
486
487
461
488
462
489
463
490
464
491
465
492
466
493
467
494
468
495
469
496
470
497
471
498
472
499
473
500
474
501
475
502
476
503
477
504
478
505
479
506
480
507
481
508
482
509
483
510
484
511
485
512
486
513
487
514
515
489
516
490
517
491
518
492
519
493
520
494
521
495
522
496
523
497
524
498
525
499
526
500
527
501
528
502
529
503
530
504
531
505
532
506
533
507
534
508
535
509
536
510
537
511
538
512
539
513
540
514
541
515
542
543
517
2224
518
2225
519
2226
520
2227
521
2228
522
2229
523
2230
524
2231
525
2232
526
2233
527
2234
528
2235
529
2236
530
2237
531
2238
532
2239
533
2240
534
2241
535
2242
536
2243
537
2244
538
2245
539
2246
540
2247
541
2248
542
2249
543
2250
2251
545
568
546
569
547
570
548
571
549
572
550
573
551
574
552
575
553
576
554
577
555
578
556
579
557
580
558
581
559
582
560
583
561
584
562
585
563
586
564
587
565
588
566
589
567
590
591
569
592
570
593
571
594
572
595
573
596
574
597
575
598
576
599
577
600
578
601
579
602
580
603
581
604
582
605
583
606
584
607
585
608
586
609
587
610
588
611
589
612
590
613
591
614
615
593
616
594
617
595
618
596
619
597
620
598
621
599
622
600
623
601
624
602
625
603
626
604
627
605
628
606
629
607
630
608
631
609
632
610
633
611
634
612
635
613
636
614
637
615
638
639
617
640
618
641
619
642
620
643
621
644
622
645
623
646
624
647
625
648
626
649
627
650
628
651
629
652
630
653
631
654
632
655
633
656
634
657
635
658
636
659
637
660
638
661
639
662
663
641
664
642
665
643
666
644
667
645
668
646
669
647
670
648
671
649
672
650
673
651
674
652
675
653
676
654
677
655
678
656
679
657
680
658
681
659
682
660
683
661
684
662
685
663
686
687
665
688
666
689
667
690
668
691
669
692
670
693
671
694
672
695
673
696
674
697
675
698
676
699
677
700
678
701
679
702
680
703
681
704
682
705
683
706
684
707
685
708
686
709
687
710
711
689
712
690
713
691
714
692
715
693
716
694
717
695
718
696
719
697
720
698
721
699
722
700
723
701
724
702
725
703
726
704
727
705
728
706
729
707
730
708
731
709
732
710
733
711
734
735
713
736
714
737
715
738
716
739
717
740
718
741
719
742
720
743
721
744
722
745
723
746
724
747
725
748
726
749
727
750
728
751
729
752
730
753
731
754
732
755
733
756
734
757
735
758
759
737
760
738
761
739
762
740
763
741
764
742
765
743
766
744
767
745
768
746
769
747
770
748
771
749
772
750
773
751
774
752
775
753
776
754
777
755
778
756
779
757
780
758
781
759
782
783
761
784
762
785
763
786
764
787
765
788
766
789
767
790
768
791
769
792
770
793
771
794
772
795
773
796
774
797
775
798
776
799
777
800
778
801
779
802
780
803
781
804
782
805
783
806
807
785
808
786
809
787
810
788
811
789
812
790
813
791
814
792
815
793
816
794
817
795
818
796
819
797
820
798
821
799
822
800
823
801
824
802
825
803
826
804
827
805
828
806
829
807
830
831
809
832
810
833
811
834
812
835
813
836
814
837
815
838
816
839
817
840
818
841
819
842
820
843
821
844
822
845
823
846
824
847
825
848
826
849
827
850
828
851
829
852
830
853
831
854
855
833
856
834
857
835
858
836
859
837
860
838
861
839
862
840
863
841
864
842
865
843
866
844
867
845
868
846
869
847
870
848
871
849
872
850
873
851
874
852
875
853
876
854
877
855
878
879
857
880
858
881
859
882
860
883
861
884
862
885
863
886
864
887
865
888
866
889
867
890
868
891
869
892
870
893
871
894
872
895
873
896
874
897
875
898
876
899
877
900
878
901
879
902
903
881
904
882
905
883
906
884
907
885
908
886
909
887
910
888
911
889
912
890
913
891
914
892
915
893
916
894
917
895
918
896
919
897
920
898
921
899
922
900
923
901
924
902
925
903
926
927
905
928
906
929
907
930
908
931
909
932
910
933
911
934
912
935
913
936
914
937
915
938
916
939
917
940
918
941
919
942
920
943
921
944
922
945
923
946
924
947
925
948
926
949
927
950
951
929
952
930
953
931
954
932
955
933
956
934
957
935
958
936
959
937
960
938
961
939
962
940
963
941
964
942
965
943
966
944
967
945
968
946
969
947
970
948
971
949
972
950
973
951
974
975
953
976
954
977
955
978
956
979
957
980
958
981
959
982
960
983
961
984
962
985
963
986
964
987
965
988
966
989
967
990
968
991
969
992
970
993
971
994
972
995
973
996
974
997
975
998
999
977
1000
978
1001
979
1002
980
1003
981
1004
982
1005
983
1006
984
1007
985
1008
986
1009
987
1010
988
1011
989
1012
990
1013
991
1014
992
1015
993
1016
994
1017
995
1018
996
1019
997
1020
998
1021
999
1022
1023
1001
1024
1002
1025
1003
1026
1004
1027
1005
1028
1006
1029
1007
1030
1008
1031
1009
1032
1010
1033
1011
1034
1012
1035
1013
1036
1014
1037
1015
1038
1016
1039
1017
1040
1018
1041
1019
1042
1020
1043
1021
1044
1022
1045
1023
1046
1047
1025
1048
1026
1049
1027
1050
1028
1051
1029
1052
1030
1053
1031
1054
1032
1055
1033
1056
1034
1057
1035
1058
1036
1059
1037
1060
1038
1061
1039
1062
1040
1063
1041
1064
1042
1065
1043
1066
1044
1067
1045
1068
1046
1069
1047
1070
1071
1049
1072
1050
1073
1051
1074
1052
1075
1053
1076
1054
1077
1055
1078
1056
1079
1057
1080
1058
1081
1059
1082
1060
1083
1061
1084
1062
1085
1063
1086
1064
1087
1065
1088
1066
1089
1067
1090
1068
1091
1069
1092
1070
1093
1071
1094
1095
1073
1096
1074
1097
1075
1098
1076
1099
1077
1100
1078
1101
1079
1102
1080
1103
1081
1104
1082
1105
1083
1106
1084
1107
1085
1108
1086
1109
1087
1110
1088
1111
1089
1112
1090
1113
1091
1114
1092
1115
1093
1116
1094
1117
1095
1118
1119
1097
1120
1098
1121
1099
1122
1100
1123
1101
1124
1102
1125
1103
1126
1104
1127
1105
1128
1106
1129
1107
1130
1108
1131
1109
1132
1110
1133
1111
1134
1112
1135
1113
1136
1114
1137
1115
1138
1116
1139
1117
1140
1118
1141
1119
1142
1143
1121
1144
1122
1145
1123
1146
1124
1147
1125
1148
1126
1149
1127
1150
1128
1151
1129
1152
1130
1153
1131
1154
1132
1155
1133
1156
1134
1157
1135
1158
1136
1159
1137
1160
1138
1161
1139
1162
1140
1163
1141
1164
1142
1165
1143
1166
1167
1145
1168
1146
1169
1147
1170
1148
1171
1149
1172
1150
1173
1151
1174
1152
1175
1153
1176
1154
1177
1155
1178
1156
1179
1157
1180
1158
1181
1159
1182
1160
1183
1161
1184
1162
1185
1163
1186
1164
1187
1165
1188
1166
1189
1167
1190
1191
1169
1192
1170
1193
1171
1194
1172
1195
1173
1196
1174
1197
1175
1198
1176
1199
1177
1200
1178
1201
1179
1202
1180
1203
1181
1204
1182
1205
1183
1206
1184
1207
1185
1208
1186
1209
1187
1210
1188
1211
1189
1212
1190
1213
1191
1214
1215
1193
1216
1194
1217
1195
1218
1196
1219
1197
1220
1198
1221
1199
1222
1200
1223
1201
1224
1202
1225
1203
1226
1204
1227
1205
1228
1206
1229
1207
1230
1208
1231
1209
1232
1210
1233
1211
1234
1212
1235
1213
1236
1214
1237
1215
1238
1239
1217
1240
1218
1241
1219
1242
1220
1243
1221
1244
1222
1245
1223
1246
1224
1247
1225
1248
1226
1249
1227
1250
1228
1251
1229
1252
1230
1253
1231
1254
1232
1255
1233
1256
1234
1257
1235
1258
1236
1259
1237
1260
1238
1261
1239
1262
1263
1241
1264
1242
1265
1243
1266
1244
1267
1245
1268
1246
1269
1247
1270
1248
1271
1249
1272
1250
1273
1251
1274
1252
1275
1253
1276
1254
1277
1255
1278
1256
1279
1257
1280
1258
1281
1259
1282
1260
1283
1261
1284
1262
1285
1263
1286
1287
1265
1288
1266
1289
1267
1290
1268
1291
1269
1292
1270
1293
1271
1294
1272
1295
1273
1296
1274
1297
1275
1298
1276
1299
1277
1300
1278
1301
1279
1302
1280
1303
1281
1304
1282
1305
1283
1306
1284
1307
1285
1308
1286
1309
1287
1310
1311
1289
1312
1290
1313
1291
1314
1292
1315
1293
1316
1294
1317
1295
1318
1296
1319
1297
1320
1298
1321
1299
1322
1300
1323
1301
1324
1302
1325
1303
1326
1304
1327
1305
1328
1306
1329
1307
1330
1308
1331
1309
1332
1310
1333
1311
1334
1335
1313
1336
1314
1337
1315
1338
1316
1339
1317
1340
1318
1341
1319
1342
1320
1343
1321
1344
1322
1345
1323
1346
1324
1347
1325
1348
1326
1349
1327
1350
1328
1351
1329
1352
1330
1353
1331
1354
1332
1355
1333
1356
1334
1357
1335
1358
1359
1337
1360
1338
1361
1339
1362
1340
1363
1341
1364
1342
1365
1343
1366
1344
1367
1345
1368
1346
1369
1347
1370
1348
1371
1349
1372
1350
1373
1351
1374
1352
1375
1353
1376
1354
1377
1355
1378
1356
1379
1357
1380
1358
1381
1359
1382
1383
1361
1384
1362
1385
1363
1386
1364
1387
1365
1388
1366
1389
1367
1390
1368
1391
1369
1392
1370
1393
1371
1394
1372
1395
1373
1396
1374
1397
1375
1398
1376
1399
1377
1400
1378
1401
1379
1402
1380
1403
1381
1404
1382
1405
1383
1406
1407
1385
1408
1386
1409
1387
1410
1388
1411
1389
1412
1390
1413
1391
1414
1392
1415
1393
1416
1394
1417
1395
1418
1396
1419
1397
1420
1398
1421
1399
1422
1400
1423
1401
1424
1402
1425
1403
1426
1404
1427
1405
1428
1406
1429
1407
1430
1431
1409
1432
1410
1433
1411
1434
1412
1435
1413
1436
1414
1437
1415
1438
1416
1439
1417
1440
1418
1441
1419
1442
1420
1443
1421
1444
1422
1445
1423
1446
1424
1447
1425
1448
1426
1449
1427
1450
1428
1451
1429
1452
1430
1453
1431
1454
1455
1433
1456
1434
1457
1435
1458
1436
1459
1437
1460
1438
1461
1439
1462
1440
1463
1441
1464
1442
1465
1443
1466
1444
1467
1445
1468
1446
1469
1447
1470
1448
1471
1449
1472
1450
1473
1451
1474
1452
1475
1453
1476
1454
1477
1455
1478
1479
1457
1480
1458
1481
1459
1482
1460
1483
1461
1484
1462
1485
1463
1486
1464
1487
1465
1488
1466
1489
1467
1490
1468
1491
1469
1492
1470
1493
1471
1494
1472
1495
1473
1496
1474
1497
1475
1498
1476
1499
1477
1500
1478
1501
1479
1502
1503
1481
1504
1482
1505
1483
1506
1484
1507
1485
1508
1486
1509
1487
1510
1488
1511
1489
1512
1490
1513
1491
1514
1492
1515
1493
1516
1494
1517
1495
1518
1496
1519
1497
1520
1498
1521
1499
1522
1500
1523
1501
1524
1502
1525
1503
1526
1527
1505
1528
1506
1529
1507
1530
1508
1531
1509
1532
1510
1533
1511
1534
1512
1535
1513
1536
1514
1537
1515
1538
1516
1539
1517
1540
1518
1541
1519
1542
1520
1543
1521
1544
1522
1545
1523
1546
1524
1547
1525
1548
1526
1549
1527
1550
1551
1529
1552
1530
1553
1531
1554
1532
1555
1533
1556
1534
1557
1535
1558
1536
1559
1537
1560
1538
1561
1539
1562
1540
1563
1541
1564
1542
1565
1543
1566
1544
1567
1545
1568
1546
1569
1547
1570
1548
1571
1549
1572
1550
1573
1551
1574
1575
1553
1576
1554
1577
1555
1578
1556
1579
1557
1580
1558
1581
1559
1582
1560
1583
1561
1584
1562
1585
1563
1586
1564
1587
1565
1588
1566
1589
1567
1590
1568
1591
1569
1592
1570
1593
1571
1594
1572
1595
1573
1596
1574
1597
1575
1598
1599
1577
1600
1578
1601
1579
1602
1580
1603
1581
1604
1582
1605
1583
1606
1584
1607
1585
1608
1586
1609
1587
1610
1588
1611
1589
1612
1590
1613
1591
1614
1592
1615
1593
1616
1594
1617
1595
1618
1596
1619
1597
1620
1598
1621
1599
1622
1623
1601
1624
1602
1625
1603
1626
1604
1627
1605
1628
1606
1629
1607
1630
1608
1631
1609
1632
1610
1633
1611
1634
1612
1635
1613
1636
1614
1637
1615
1638
1616
1639
1617
1640
1618
1641
1619
1642
1620
1643
1621
1644
1622
1645
1623
1646
1647
1625
1648
1626
1649
1627
1650
1628
1651
1629
1652
1630
1653
1631
1654
1632
1655
1633
1656
1634
1657
1635
1658
1636
1659
1637
1660
1638
1661
1639
1662
1640
1663
1641
1664
1642
1665
1643
1666
1644
1667
1645
1668
1646
1669
1647
1670
1671
1649
1672
1650
1673
1651
1674
1652
1675
1653
1676
1654
1677
1655
1678
1656
1679
1657
1680
1658
1681
1659
1682
1660
1683
1661
1684
1662
1685
1663
1686
1664
1687
1665
1688
1666
1689
1667
1690
1668
1691
1669
1692
1670
1693
1671
1694
1695
1673
1696
1674
1697
1675
1698
1676
1699
1677
1700
1678
1701
1679
1702
1680
1703
1681
1704
1682
1705
1683
1706
1684
1707
1685
1708
1686
1709
1687
1710
1688
1711
1689
1712
1690
1713
1691
1714
1692
1715
1693
1716
1694
1717
1695
1718
1719
1697
1720
1698
1721
1699
1722
1700
1723
1701
1724
1702
1725
1703
1726
1704
1727
1705
1728
1706
1729
1707
1730
1708
1731
1709
1732
1710
1733
1711
1734
1712
1735
1713
1736
1714
1737
1715
1738
1716
1739
1717
1740
1718
1741
1719
1742
1743
1721
1744
1722
1745
1723
1746
1724
1747
1725
1748
1726
1749
1727
1750
1728
1751
1729
1752
1730
1753
1731
1754
1732
1755
1733
1756
1734
1757
1735
1758
1736
1759
1737
1760
1738
1761
1739
1762
1740
1763
1741
1764
1742
1765
1743
1766
1767
1745
1768
1746
1769
1747
1770
1748
1771
1749
1772
1750
1773
1751
1774
1752
1775
1753
1776
1754
1777
1755
1778
1756
1779
1757
1780
1758
1781
1759
1782
1760
1783
1761
1784
1762
1785
1763
1786
1764
1787
1765
1788
1766
1789
1767
1790
1791
1769
1792
1770
1793
1771
1794
1772
1795
1773
1796
1774
1797
1775
1798
1776
1799
1777
1800
1778
1801
1779
1802
1780
1803
1781
1804
1782
1805
1783
1806
1784
1807
1785
1808
1786
1809
1787
1810
1788
1811
1789
1812
1790
1813
1791
1814
1815
1793
1816
1794
1817
1795
1818
1796
1819
1797
1820
1798
1821
1799
1822
1800
1823
1801
1824
1802
1825
1803
1826
1804
1827
1805
1828
1806
1829
1807
1830
1808
1831
1809
1832
1810
1833
1811
1834
1812
1835
1813
1836
1814
1837
1815
1838
1839
1817
1840
1818
1841
1819
1842
1820
1843
1821
1844
1822
1845
1823
1846
1824
1847
1825
1848
1826
1849
1827
1850
1828
1851
1829
1852
1830
1853
1831
1854
1832
1855
1833
1856
1834
1857
1835
1858
1836
1859
1837
1860
1838
1861
1839
1862
1863
1841
1864
1842
1865
1843
1866
1844
1867
1845
1868
1846
1869
1847
1870
1848
1871
1849
1872
1850
1873
1851
1874
1852
1875
1853
1876
1854
1877
1855
1878
1856
1879
1857
1880
1858
1881
1859
1882
1860
1883
1861
1884
1862
1885
1863
1886
1887
1865
1888
1866
1889
1867
1890
1868
1891
1869
1892
1870
1893
1871
1894
1872
1895
1873
1896
1874
1897
1875
1898
1876
1899
1877
1900
1878
1901
1879
1902
1880
1903
1881
1904
1882
1905
1883
1906
1884
1907
1885
1908
1886
1909
1887
1910
1911
1889
1912
1890
1913
1891
1914
1892
1915
1893
1916
1894
1917
1895
1918
1896
1919
1897
1920
1898
1921
1899
1922
1900
1923
1901
1924
1902
1925
1903
1926
1904
1927
1905
1928
1906
1929
1907
1930
1908
1931
1909
1932
1910
1933
1911
1934
1935
1913
1936
1914
1937
1915
1938
1916
1939
1917
1940
1918
1941
1919
1942
1920
1943
1921
1944
1922
1945
1923
1946
1924
1947
1925
1948
1926
1949
1927
1950
1928
1951
1929
1952
1930
1953
1931
1954
1932
1955
1933
1956
1934
1957
1935
1958
1959
1937
1960
1938
1961
1939
1962
1940
1963
1941
1964
1942
1965
1943
1966
1944
1967
1945
1968
1946
1969
1947
1970
1948
1971
1949
1972
1950
1973
1951
1974
1952
1975
1953
1976
1954
1977
1955
1978
1956
1979
1957
1980
1958
1981
1959
1982
1983
1961
1984
1962
1985
1963
1986
1964
1987
1965
1988
1966
1989
1967
1990
1968
1991
1969
1992
1970
1993
1971
1994
1972
1995
1973
1996
1974
1997
1975
1998
1976
1999
1977
2000
1978
2001
1979
2002
1980
2003
1981
2004
1982
2005
1983
2006
2007
1985
2008
1986
2009
1987
2010
1988
2011
1989
2012
1990
2013
1991
2014
1992
2015
1993
2016
1994
2017
1995
2018
1996
2019
1997
2020
1998
2021
1999
2022
2000
2023
2001
2024
2002
2025
2003
2026
2004
2027
2005
2028
2006
2029
2007
2030
2031
2009
2032
2010
2033
2011
2034
2012
2035
2013
2036
2014
2037
2015
2038
2016
2039
2017
2040
2018
2041
2019
2042
2020
2043
2021
2044
2022
2045
2023
2046
2024
2047
2025
2048
2026
2049
2027
2050
2028
2051
2029
2052
2030
2053
2031
2054
2055
2033
2056
2034
2057
2035
2058
2036
2059
2037
2060
2038
2061
2039
2062
2040
2063
2041
2064
2042
2065
2043
2066
2044
2067
2045
2068
2046
2069
2047
2070
2048
2071
2049
2072
2050
2073
2051
2074
2052
2075
2053
2076
2054
2077
2055
2078
2079
2057
2080
2058
2081
2059
2082
2060
2083
2061
2084
2062
2085
2063
2086
2064
2087
2065
2088
2066
2089
2067
2090
2068
2091
2069
2092
2070
2093
2071
2094
2072
2095
2073
2096
2074
2097
2075
2098
2076
2099
2077
2100
2078
2101
2079
2102
2103
2081
2104
2082
2105
2083
2106
2084
2107
2085
2108
2086
2109
2087
2110
2088
2111
2089
2112
2090
2113
2091
2114
2092
2115
2093
2116
2094
2117
2095
2118
2096
2119
2097
2120
2098
2121
2099
2122
2100
2123
2101
2124
2102
2125
2103
2126
2127
2105
2128
2106
2129
2107
2130
2108
2131
2109
2132
2110
2133
2111
2134
2112
2135
2113
2136
2114
2137
2115
2138
2116
2139
2117
2140
2118
2141
2119
2142
2120
2143
2121
2144
2122
2145
2123
2146
2124
2147
2125
2148
2126
2149
2127
2150
2151
2129
2152
2130
2153
2131
2154
2132
2155
2133
2156
2134
2157
2135
2158
2136
2159
2137
2160
2138
2161
2139
2162
2140
2163
2141
2164
2142
2165
2143
2166
2144
2167
2145
2168
2146
2169
2147
2170
2148
2171
2149
2172
2150
2173
2151
2174
2175
2153
2176
2154
2177
2155
2178
2156
2179
2157
2180
2158
2181
2159
2182
2160
2183
2161
2184
2162
2185
2163
2186
2164
2187
2165
2188
2166
2189
2167
2190
2168
2191
2169
2192
2170
2193
2171
2194
2172
2195
2173
2196
2174
2197
2175
2198
2199
2177
2200
2178
2201
2179
2202
2180
2203
2181
2204
2182
2205
2183
2206
2184
2207
2185
2208
2186
2209
2187
2210
2188
2211
2189
2212
2190
2213
2191
2214
2192
2215
2193
2216
2194
2217
2195
2218
2196
2219
2197
2220
2198
2221
2199
2222
2223
2201
4184
2202
4185
2203
4186
2204
4187
2205
4188
2206
4189
2207
4190
2208
4191
2209
4192
2210
4193
2211
4194
2212
4195
2213
4196
2214
4197
2215
4198
2216
4199
2217
4200
2218
4201
2219
4202
2220
4203
2221
4204
2222
4205
2223
4206
4207
2225
2252
2226
2253
2227
2254
2228
2255
2229
2256
2230
2257
2231
2258
2232
2259
2233
2260
2234
2261
2235
2262
2236
2263
2237
2264
2238
2265
2239
2266
2240
2267
2241
2268
2242
2269
2243
2270
2244
2271
2245
2272
2246
2273
2247
2274
2248
2275
2249
2276
2250
2277
2251
2278
2279
2253
2280
2254
2281
2255
2282
2256
2283
2257
2284
2258
2285
2259
2286
2260
2287
2261
2288
2262
2289
2263
2290
2264
2291
2265
2292
2266
2293
2267
2294
2268
2295
2269
2296
2270
2297
2271
2298
2272
2299
2273
2300
2274
2301
2275
2302
2276
2303
2277
2304
2278
2305
2279
2306
2307
2281
2308
2282
2309
2283
2310
2284
2311
2285
2312
2286
2313
2287
2314
2288
2315
2289
2316
2290
2317
2291
2318
2292
2319
2293
2320
2294
2321
2295
2322
2296
2323
2297
2324
2298
2325
2299
2326
2300
2327
2301
2328
2302
2329
2303
2330
2304
2331
2305
2332
2306
2333
2307
2334
2335
2309
2336
2310
2337
2311
2338
2312
2339
2313
2340
2314
2341
2315
2342
2316
2343
2317
2344
2318
2345
2319
2346
2320
2347
2321
2348
2322
2349
2323
2350
2324
2351
2325
2352
2326
2353
2327
2354
2328
2355
2329
2356
2330
2357
2331
2358
2332
2359
2333
2360
2334
2361
2335
2362
2363
2337
2364
2338
2365
2339
2366
2340
2367
2341
2368
2342
2369
2343
2370
2344
2371
2345
2372
2346
2373
2347
2374
2348
2375
2349
2376
2350
2377
2351
2378
2352
2379
2353
2380
2354
2381
2355
2382
2356
2383
2357
2384
2358
2385
2359
2386
2360
2387
2361
2388
2362
2389
2363
2390
2391
2365
2392
2366
2393
2367
2394
2368
2395
2369
2396
2370
2397
2371
2398
2372
2399
2373
2400
2374
2401
2375
2402
2376
2403
2377
2404
2378
2405
2379
2406
2380
2407
2381
2408
2382
2409
2383
2410
2384
2411
2385
2412
2386
2413
2387
2414
2388
2415
2389
2416
2390
2417
2391
2418
2419
2393
2420
2394
2421
2395
2422
2396
2423
2397
2424
2398
2425
2399
2426
2400
2427
2401
2428
2402
2429
2403
2430
2404
2431
2405
2432
2406
2433
2407
2434
2408
2435
2409
2436
2410
2437
2411
2438
2412
2439
2413
2440
2414
2441
2415
2442
2416
2443
2417
2444
2418
2445
2419
2446
2447
2421
2448
2422
2449
2423
2450
2424
2451
2425
2452
2426
2453
2427
2454
2428
2455
2429
2456
2430
2457
2431
2458
2432
2459
2433
2460
2434
2461
2435
2462
2436
2463
2437
2464
2438
2465
2439
2466
2440
2467
2441
2468
2442
2469
2443
2470
2444
2471
2445
2472
2446
2473
2447
2474
2475
2449
2476
2450
2477
2451
2478
2452
2479
2453
2480
2454
2481
2455
2482
2456
2483
2457
2484
2458
2485
2459
2486
2460
2487
2461
2488
2462
2489
2463
2490
2464
2491
2465
2492
2466
2493
2467
2494
2468
2495
2469
2496
2470
2497
2471
2498
2472
2499
2473
2500
2474
2501
2475
2502
2503
2477
2504
2478
2505
2479
2506
2480
2507
2481
2508
2482
2509
2483
2510
2484
2511
2485
2512
2486
2513
2487
2514
2488
2515
2489
2516
2490
2517
2491
2518
2492
2519
2493
2520
2494
2521
2495
2522
2496
2523
2497
2524
2498
2525
2499
2526
2500
2527
2501
2528
2502
2529
2503
2530
2531
2505
2532
2506
2533
2507
2534
2508
2535
2509
2536
2510
2537
2511
2538
2512
2539
2513
2540
2514
2541
2515
2542
2516
2543
2517
2544
2518
2545
2519
2546
2520
2547
2521
2548
2522
2549
2523
2550
2524
2551
2525
2552
2526
2553
2527
2554
2528
2555
2529
2556
2530
2557
2531
2558
2559
2533
2560
2534
2561
2535
2562
2536
2563
2537
2564
2538
2565
2539
2566
2540
2567
2541
2568
2542
2569
2543
2570
2544
2571
2545
2572
2546
2573
2547
2574
2548
2575
2549
2576
2550
2577
2551
2578
2552
2579
2553
2580
2554
2581
2555
2582
2556
2583
2557
2584
2558
2585
2559
2586
2587
2561
2588
2562
2589
2563
2590
2564
2591
2565
2592
2566
2593
2567
2594
2568
2595
2569
2596
2570
2597
2571
2598
2572
2599
2573
2600
2574
2601
2575
2602
2576
2603
2577
2604
2578
2605
2579
2606
2580
2607
2581
2608
2582
2609
2583
2610
2584
2611
2585
2612
2586
2613
2587
2614
2615
2589
2616
2590
2617
2591
2618
2592
2619
2593
2620
2594
2621
2595
2622
2596
2623
2597
2624
2598
2625
2599
2626
2600
2627
2601
2628
2602
2629
2603
2630
2604
2631
2605
2632
2606
2633
2607
2634
2608
2635
2609
2636
2610
2637
2611
2638
2612
2639
2613
2640
2614
2641
2615
2642
2643
2617
2644
2618
2645
2619
2646
2620
2647
2621
2648
2622
2649
2623
2650
2624
2651
2625
2652
2626
2653
2627
2654
2628
2655
2629
2656
2630
2657
2631
2658
2632
2659
2633
2660
2634
2661
2635
2662
2636
2663
2637
2664
2638
2665
2639
2666
2640
2667
2641
2668
2642
2669
2643
2670
2671
2645
2672
2646
2673
2647
2674
2648
2675
2649
2676
2650
2677
2651
2678
2652
2679
2653
2680
2654
2681
2655
2682
2656
2683
2657
2684
2658
2685
2659
2686
2660
2687
2661
2688
2662
2689
2663
2690
2664
2691
2665
2692
2666
2693
2667
2694
2668
2695
2669
2696
2670
2697
2671
2698
2699
2673
2700
2674
2701
2675
2702
2676
2703
2677
2704
2678
2705
2679
2706
2680
2707
2681
2708
2682
2709
2683
2710
2684
2711
2685
2712
2686
2713
2687
2714
2688
2715
2689
2716
2690
2717
2691
2718
2692
2719
2693
2720
2694
2721
2695
2722
2696
2723
2697
2724
2698
2725
2699
2726
2727
2701
2728
2702
2729
2703
2730
2704
2731
2705
2732
2706
2733
2707
2734
2708
2735
2709
2736
2710
2737
2711
2738
2712
2739
2713
2740
2714
2741
2715
2742
2716
2743
2717
2744
2718
2745
2719
2746
2720
2747
2721
2748
2722
2749
2723
2750
2724
2751
2725
2752
2726
2753
2727
2754
2755
2729
2756
2730
2757
2731
2758
2732
2759
2733
2760
2734
2761
2735
2762
2736
2763
2737
2764
2738
2765
2739
2766
2740
2767
2741
2768
2742
2769
2743
2770
2744
2771
2745
2772
2746
2773
2747
2774
2748
2775
2749
2776
2750
2777
2751
2778
2752
2779
2753
2780
2754
2781
2755
2782
2783
2757
2784
2758
2785
2759
2786
2760
2787
2761
2788
2762
2789
2763
2790
2764
2791
2765
2792
2766
2793
2767
2794
2768
2795
2769
2796
2770
2797
2771
2798
2772
2799
2773
2800
2774
2801
2775
2802
2776
2803
2777
2804
2778
2805
2779
2806
2780
2807
2781
2808
2782
2809
2783
2810
2811
2785
2812
2786
2813
2787
2814
2788
2815
2789
2816
2790
2817
2791
2818
2792
2819
2793
2820
2794
2821
2795
2822
2796
2823
2797
2824
2798
2825
2799
2826
2800
2827
2801
2828
2802
2829
2803
2830
2804
2831
2805
2832
2806
2833
2807
2834
2808
2835
2809
2836
2810
2837
2811
2838
2839
2813
2840
2814
2841
2815
2842
2816
2843
2817
2844
2818
2845
2819
2846
2820
2847
2821
2848
2822
2849
2823
2850
2824
2851
2825
2852
2826
2853
2827
2854
2828
2855
2829
2856
2830
2857
2831
2858
2832
2859
2833
2860
2834
2861
2835
2862
2836
2863
2837
2864
2838
2865
2839
2866
2867
2841
2868
2842
2869
2843
2870
2844
2871
2845
2872
2846
2873
2847
2874
2848
2875
2849
2876
2850
2877
2851
2878
2852
2879
2853
2880
2854
2881
2855
2882
2856
2883
2857
2884
2858
2885
2859
2886
2860
2887
2861
2888
2862
2889
2863
2890
2864
2891
2865
2892
2866
2893
2867
2894
2895
2869
2896
2870
2897
2871
2898
2872
2899
2873
2900
2874
2901
2875
2902
2876
2903
2877
2904
2878
2905
2879
2906
2880
2907
2881
2908
2882
2909
2883
2910
2884
2911
2885
2912
2886
2913
2887
2914
2888
2915
2889
2916
2890
2917
2891
2918
2892
2919
2893
2920
2894
2921
2895
2922
2923
2897
2924
2898
2925
2899
2926
2900
2927
2901
2928
2902
2929
2903
2930
2904
2931
2905
2932
2906
2933
2907
2934
2908
2935
2909
2936
2910
2937
2911
2938
2912
2939
2913
2940
2914
2941
2915
2942
2916
2943
2917
2944
2918
2945
2919
2946
2920
2947
2921
2948
2922
2949
2923
2950
2951
2925
2952
2926
2953
2927
2954
2928
2955
2929
2956
2930
2957
2931
2958
2932
2959
2933
2960
2934
2961
2935
2962
2936
2963
2937
2964
2938
2965
2939
2966
2940
2967
2941
2968
2942
2969
2943
2970
2944
2971
2945
2972
2946
2973
2947
2974
2948
2975
2949
2976
2950
2977
2951
2978
2979
2953
2980
2954
2981
2955
2982
2956
2983
2957
2984
2958
2985
2959
2986
2960
2987
2961
2988
2962
2989
2963
2990
2964
2991
2965
2992
2966
2993
2967
2994
2968
2995
2969
2996
2970
2997
2971
2998
2972
2999
2973
3000
2974
3001
2975
3002
2976
3003
2977
3004
2978
3005
2979
3006
3007
2981
3008
2982
3009
2983
3010
2984
3011
2985
3012
2986
3013
2987
3014
2988
3015
2989
3016
2990
3017
2991
3018
2992
3019
2993
3020
2994
3021
2995
3022
2996
3023
2997
3024
2998
3025
2999
3026
3000
3027
3001
3028
3002
3029
3003
3030
3004
3031
3005
3032
3006
3033
3007
3034
3035
3009
3036
3010
3037
3011
3038
3012
3039
3013
3040
3014
3041
3015
3042
3016
3043
3017
3044
3018
3045
3019
3046
3020
3047
3021
3048
3022
3049
3023
3050
3024
3051
3025
3052
3026
3053
3027
3054
3028
3055
3029
3056
3030
3057
3031
3058
3032
3059
3033
3060
3034
3061
3035
3062
3063
3037
3064
3038
3065
3039
3066
3040
3067
3041
3068
3042
3069
3043
3070
3044
3071
3045
3072
3046
3073
3047
3074
3048
3075
3049
3076
3050
3077
3051
3078
3052
3079
3053
3080
3054
3081
3055
3082
3056
3083
3057
3084
3058
3085
3059
3086
3060
3087
3061
3088
3062
3089
3063
3090
3091
3065
3092
3066
3093
3067
3094
3068
3095
3069
3096
3070
3097
3071
3098
3072
3099
3073
3100
3074
3101
3075
3102
3076
3103
3077
3104
3078
3105
3079
3106
3080
3107
3081
3108
3082
3109
3083
3110
3084
3111
3085
3112
3086
3113
3087
3114
3088
3115
3089
3116
3090
3117
3091
3118
3119
3093
3120
3094
3121
3095
3122
3096
3123
3097
3124
3098
3125
3099
3126
3100
3127
3101
3128
3102
3129
3103
3130
3104
3131
3105
3132
3106
3133
3107
3134
3108
3135
3109
3136
3110
3137
3111
3138
3112
3139
3113
3140
3114
3141
3115
3142
3116
3143
3117
3144
3118
3145
3119
3146
3147
3121
3148
3122
3149
3123
3150
3124
3151
3125
3152
3126
3153
3127
3154
3128
3155
3129
3156
3130
3157
3131
3158
3132
3159
3133
3160
3134
3161
3135
3162
3136
3163
3137
3164
3138
3165
3139
3166
3140
3167
3141
3168
3142
3169
3143
3170
3144
3171
3145
3172
3146
3173
3147
3174
3175
3149
3176
3150
3177
3151
3178
3152
3179
3153
3180
3154
3181
3155
3182
3156
3183
3157
3184
3158
3185
3159
3186
3160
3187
3161
3188
3162
3189
3163
3190
3164
3191
3165
3192
3166
3193
3167
3194
3168
3195
3169
3196
3170
3197
3171
3198
3172
3199
3173
3200
3174
3201
3175
3202
3203
3177
3204
3178
3205
3179
3206
3180
3207
3181
3208
3182
3209
3183
3210
3184
3211
3185
3212
3186
3213
3187
3214
3188
3215
3189
3216
3190
3217
3191
3218
3192
3219
3193
3220
3194
3221
3195
3222
3196
3223
3197
3224
3198
3225
3199
3226
3200
3227
3201
3228
3202
3229
3203
3230
3231
3205
3232
3206
3233
3207
3234
3208
3235
3209
3236
3210
3237
3211
3238
3212
3239
3213
3240
3214
3241
3215
3242
3216
3243
3217
3244
3218
3245
3219
3246
3220
3247
3221
3248
3222
3249
3223
3250
3224
3251
3225
3252
3226
3253
3227
3254
3228
3255
3229
3256
3230
3257
3231
3258
3259
3233
3260
3234
3261
3235
3262
3236
3263
3237
3264
3238
3265
3239
3266
3240
3267
3241
3268
3242
3269
3243
3270
3244
3271
3245
3272
3246
3273
3247
3274
3248
3275
3249
3276
3250
3277
3251
3278
3252
3279
3253
3280
3254
3281
3255
3282
3256
3283
3257
3284
3258
3285
3259
3286
3287
3261
3288
3262
3289
3263
3290
3264
3291
3265
3292
3266
3293
3267
3294
3268
3295
3269
3296
3270
3297
3271
3298
3272
3299
3273
3300
3274
3301
3275
3302
3276
3303
3277
3304
3278
3305
3279
3306
3280
3307
3281
3308
3282
3309
3283
3310
3284
3311
3285
3312
3286
3313
3287
3314
3315
3289
3316
3290
3317
3291
3318
3292
3319
3293
3320
3294
3321
3295
3322
3296
3323
3297
3324
3298
3325
3299
3326
3300
3327
3301
3328
3302
3329
3303
3330
3304
3331
3305
3332
3306
3333
3307
3334
3308
3335
3309
3336
3310
3337
3311
3338
3312
3339
3313
3340
3314
3341
3315
3342
3343
3317
3344
3318
3345
3319
3346
3320
3347
3321
3348
3322
3349
3323
3350
3324
3351
3325
3352
3326
3353
3327
3354
3328
3355
3329
3356
3330
3357
3331
3358
3332
3359
3333
3360
3334
3361
3335
3362
3336
3363
3337
3364
3338
3365
3339
3366
3340
3367
3341
3368
3342
3369
3343
3370
3371
3345
3372
3346
3373
3347
3374
3348
3375
3349
3376
3350
3377
3351
3378
3352
3379
3353
3380
3354
3381
3355
3382
3356
3383
3357
3384
3358
3385
3359
3386
3360
3387
3361
3388
3362
3389
3363
3390
3364
3391
3365
3392
3366
3393
3367
3394
3368
3395
3369
3396
3370
3397
3371
3398
3399
3373
3400
3374
3401
3375
3402
3376
3403
3377
3404
3378
3405
3379
3406
3380
3407
3381
3408
3382
3409
3383
3410
3384
3411
3385
3412
3386
3413
3387
3414
3388
3415
3389
3416
3390
3417
3391
3418
3392
3419
3393
3420
3394
3421
3395
3422
3396
3423
3397
3424
3398
3425
3399
3426
3427
3401
3428
3402
3429
3403
3430
3404
3431
3405
3432
3406
3433
3407
3434
3408
3435
3409
3436
3410
3437
3411
3438
3412
3439
3413
3440
3414
3441
3415
3442
3416
3443
3417
3444
3418
3445
3419
3446
3420
3447
3421
3448
3422
3449
3423
3450
3424
3451
3425
3452
3426
3453
3427
3454
3455
3429
3456
3430
3457
3431
3458
3432
3459
3433
3460
3434
3461
3435
3462
3436
3463
3437
3464
3438
3465
3439
3466
3440
3467
3441
3468
3442
3469
3443
3470
3444
3471
3445
3472
3446
3473
3447
3474
3448
3475
3449
3476
3450
3477
3451
3478
3452
3479
3453
3480
3454
3481
3455
3482
3483
3457
3484
3458
3485
3459
3486
3460
3487
3461
3488
3462
3489
3463
3490
3464
3491
3465
3492
3466
3493
3467
3494
3468
3495
3469
3496
3470
3497
3471
3498
3472
3499
3473
3500
3474
3501
3475
3502
3476
3503
3477
3504
3478
3505
3479
3506
3480
3507
3481
3508
3482
3509
3483
3510
3511
3485
3512
3486
3513
3487
3514
3488
3515
3489
3516
3490
3517
3491
3518
3492
3519
3493
3520
3494
3521
3495
3522
3496
3523
3497
3524
3498
3525
3499
3526
3500
3527
3501
3528
3502
3529
3503
3530
3504
3531
3505
3532
3506
3533
3507
3534
3508
3535
3509
3536
3510
3537
3511
3538
3539
3513
3540
3514
3541
3515
3542
3516
3543
3517
3544
3518
3545
3519
3546
3520
3547
3521
3548
3522
3549
3523
3550
3524
3551
3525
3552
3526
3553
3527
3554
3528
3555
3529
3556
3530
3557
3531
3558
3532
3559
3533
3560
3534
3561
3535
3562
3536
3563
3537
3564
3538
3565
3539
3566
3567
3541
3568
3542
3569
3543
3570
3544
3571
3545
3572
3546
3573
3547
3574
3548
3575
3549
3576
3550
3577
3551
3578
3552
3579
3553
3580
3554
3581
3555
3582
3556
3583
3557
3584
3558
3585
3559
3586
3560
3587
3561
3588
3562
3589
3563
3590
3564
3591
3565
3592
3566
3593
3567
3594
3595
3569
3596
3570
3597
3571
3598
3572
3599
3573
3600
3574
3601
3575
3602
3576
3603
3577
3604
3578
3605
3579
3606
3580
3607
3581
3608
3582
3609
3583
3610
3584
3611
3585
3612
3586
3613
3587
3614
3588
3615
3589
3616
3590
3617
3591
3618
3592
3619
3593
3620
3594
3621
3595
3622
3623
3597
3624
3598
3625
3599
3626
3600
3627
3601
3628
3602
3629
3603
3630
3604
3631
3605
3632
3606
3633
3607
3634
3608
3635
3609
3636
3610
3637
3611
3638
3612
3639
3613
3640
3614
3641
3615
3642
3616
3643
3617
3644
3618
3645
3619
3646
3620
3647
3621
3648
3622
3649
3623
3650
3651
3625
3652
3626
3653
3627
3654
3628
3655
3629
3656
3630
3657
3631
3658
3632
3659
3633
3660
3634
3661
3635
3662
3636
3663
3637
3664
3638
3665
3639
3666
3640
3667
3641
3668
3642
3669
3643
3670
3644
3671
3645
3672
3646
3673
3647
3674
3648
3675
3649
3676
3650
3677
3651
3678
3679
3653
3680
3654
3681
3655
3682
3656
3683
3657
3684
3658
3685
3659
3686
3660
3687
3661
3688
3662
3689
3663
3690
3664
3691
3665
3692
3666
3693
3667
3694
3668
3695
3669
3696
3670
3697
3671
3698
3672
3699
3673
3700
3674
3701
3675
3702
3676
3703
3677
3704
3678
3705
3679
3706
3707
3681
3708
3682
3709
3683
3710
3684
3711
3685
3712
3686
3713
3687
3714
3688
3715
3689
3716
3690
3717
3691
3718
3692
3719
3693
3720
3694
3721
3695
3722
3696
3723
3697
3724
3698
3725
3699
3726
3700
3727
3701
3728
3702
3729
3703
3730
3704
3731
3705
3732
3706
3733
3707
3734
3735
3709
3736
3710
3737
3711
3738
3712
3739
3713
3740
3714
3741
3715
3742
3716
3743
3717
3744
3718
3745
3719
3746
3720
3747
3721
3748
3722
3749
3723
3750
3724
3751
3725
3752
3726
3753
3727
3754
3728
3755
3729
3756
3730
3757
3731
3758
3732
3759
3733
3760
3734
3761
3735
3762
3763
3737
3764
3738
3765
3739
3766
3740
3767
3741
3768
3742
3769
3743
3770
3744
3771
3745
3772
3746
3773
3747
3774
3748
3775
3749
3776
3750
3777
3751
3778
3752
3779
3753
3780
3754
3781
3755
3782
3756
3783
3757
3784
3758
3785
3759
3786
3760
3787
3761
3788
3762
3789
3763
3790
3791
3765
3792
3766
3793
3767
3794
3768
3795
3769
3796
3770
3797
3771
3798
3772
3799
3773
3800
3774
3801
3775
3802
3776
3803
3777
3804
3778
3805
3779
3806
3780
3807
3781
3808
3782
3809
3783
3810
3784
3811
3785
3812
3786
3813
3787
3814
3788
3815
3789
3816
3790
3817
3791
3818
3819
3793
3820
3794
3821
3795
3822
3796
3823
3797
3824
3798
3825
3799
3826
3800
3827
3801
3828
3802
3829
3803
3830
3804
3831
3805
3832
3806
3833
3807
3834
3808
3835
3809
3836
3810
3837
3811
3838
3812
3839
3813
3840
3814
3841
3815
3842
3816
3843
3817
3844
3818
3845
3819
3846
3847
3821
3848
3822
3849
3823
3850
3824
3851
3825
3852
3826
3853
3827
3854
3828
3855
3829
3856
3830
3857
3831
3858
3832
3859
3833
3860
3834
3861
3835
3862
3836
3863
3837
3864
3838
3865
3839
3866
3840
3867
3841
3868
3842
3869
3843
3870
3844
3871
3845
3872
3846
3873
3847
3874
3875
3849
3876
3850
3877
3851
3878
3852
3879
3853
3880
3854
3881
3855
3882
3856
3883
3857
3884
3858
3885
3859
3886
3860
3887
3861
3888
3862
3889
3863
3890
3864
3891
3865
3892
3866
3893
3867
3894
3868
3895
3869
3896
3870
3897
3871
3898
3872
3899
3873
3900
3874
3901
3875
3902
3903
3877
3904
3878
3905
3879
3906
3880
3907
3881
3908
3882
3909
3883
3910
3884
3911
3885
3912
3886
3913
3887
3914
3888
3915
3889
3916
3890
3917
3891
3918
3892
3919
3893
3920
3894
3921
3895
3922
3896
3923
3897
3924
3898
3925
3899
3926
3900
3927
3901
3928
3902
3929
3903
3930
3931
3905
3932
3906
3933
3907
3934
3908
3935
3909
3936
3910
3937
3911
3938
3912
3939
3913
3940
3914
3941
3915
3942
3916
3943
3917
3944
3918
3945
3919
3946
3920
3947
3921
3948
3922
3949
3923
3950
3924
3951
3925
3952
3926
3953
3927
3954
3928
3955
3929
3956
3930
3957
3931
3958
3959
3933
3960
3934
3961
3935
3962
3936
3963
3937
3964
3938
3965
3939
3966
3940
3967
3941
3968
3942
3969
3943
3970
3944
3971
3945
3972
3946
3973
3947
3974
3948
3975
3949
3976
3950
3977
3951
3978
3952
3979
3953
3980
3954
3981
3955
3982
3956
3983
3957
3984
3958
3985
3959
3986
3987
3961
3988
3962
3989
3963
3990
3964
3991
3965
3992
3966
3993
3967
3994
3968
3995
3969
3996
3970
3997
3971
3998
3972
3999
3973
4000
3974
4001
3975
4002
3976
4003
3977
4004
3978
4005
3979
4006
3980
4007
3981
4008
3982
4009
3983
4010
3984
4011
3985
4012
3986
4013
3987
4014
4015
3989
4016
3990
4017
3991
4018
3992
4019
3993
4020
3994
4021
3995
4022
3996
4023
3997
4024
3998
4025
3999
4026
4000
4027
4001
4028
4002
4029
4003
4030
4004
4031
4005
4032
4006
4033
4007
4034
4008
4035
4009
4036
4010
4037
4011
4038
4012
4039
4013
4040
4014
4041
4015
4042
4043
4017
4044
4018
4045
4019
4046
4020
4047
4021
4048
4022
4049
4023
4050
4024
4051
4025
4052
4026
4053
4027
4054
4028
4055
4029
4056
4030
4057
4031
4058
4032
4059
4033
4060
4034
4061
4035
4062
4036
4063
4037
4064
4038
4065
4039
4066
4040
4067
4041
4068
4042
4069
4043
4070
4071
4045
4072
4046
4073
4047
4074
4048
4075
4049
4076
4050
4077
4051
4078
4052
4079
4053
4080
4054
4081
4055
4082
4056
4083
4057
4084
4058
4085
4059
4086
4060
4087
4061
4088
4062
4089
4063
4090
4064
4091
4065
4092
4066
4093
4067
4094
4068
4095
4069
4096
4070
4097
4071
4098
4099
4073
4100
4074
4101
4075
4102
4076
4103
4077
4104
4078
4105
4079
4106
4080
4107
4081
4108
4082
4109
4083
4110
4084
4111
4085
4112
4086
4113
4087
4114
4088
4115
4089
4116
4090
4117
4091
4118
4092
4119
4093
4120
4094
4121
4095
4122
4096
4123
4097
4124
4098
4125
4099
4126
4127
4101
4128
4102
4129
4103
4130
4104
4131
4105
4132
4106
4133
4107
4134
4108
4135
4109
4136
4110
4137
4111
4138
4112
4139
4113
4140
4114
4141
4115
4142
4116
4143
4117
4144
4118
4145
4119
4146
4120
4147
4121
4148
4122
4149
4123
4150
4124
4151
4125
4152
4126
4153
4127
4154
4155
4129
4156
4130
4157
4131
4158
4132
4159
4133
4160
4134
4161
4135
4162
4136
4163
4137
4164
4138
4165
4139
4166
4140
4167
4141
4168
4142
4169
4143
4170
4144
4171
4145
4172
4146
4173
4147
4174
4148
4175
4149
4176
4150
4177
4151
4178
4152
4179
4153
4180
4154
4181
4155
4182
4183
4157
5304
4158
5305
4159
5306
4160
5307
4161
5308
4162
5309
4163
5310
4164
5311
4165
5312
4166
5313
4167
5314
4168
5315
4169
5316
4170
5317
4171
5318
4172
5319
4173
5320
4174
5321
4175
5322
4176
5323
4177
5324
4178
5325
4179
5326
4180
5327
4181
5328
4182
5329
4183
5330
5331
4185
4208
4186
4209
4187
4210
4188
4211
4189
4212
4190
4213
4191
4214
4192
4215
4193
4216
4194
4217
4195
4218
4196
4219
4197
4220
4198
4221
4199
4222
4200
4223
4201
4224
4202
4225
4203
4226
4204
4227
4205
4228
4206
4229
4207
4230
4231
4856
4209
4232
4210
4233
4211
4234
4212
4235
4213
4236
4214
4237
4215
4238
4216
4239
4217
4240
4218
4241
4219
4242
4220
4243
4221
4244
4222
4245
4223
4246
4224
4247
4225
4248
4226
4249
4227
4250
4228
4251
4229
4252
4230
4253
4231
4254
4255
4872
4233
4256
4234
4257
4235
4258
4236
4259
4237
4260
4238
4261
4239
4262
4240
4263
4241
4264
4242
4265
4243
4266
4244
4267
4245
4268
4246
4269
4247
4270
4248
4271
4249
4272
4250
4273
4251
4274
4252
4275
4253
4276
4254
4277
4255
4278
4279
4888
4257
4280
4258
4281
4259
4282
4260
4283
4261
4284
4262
4285
4263
4286
4264
4287
4265
4288
4266
4289
4267
4290
4268
4291
4269
4292
4270
4293
4271
4294
4272
4295
4273
4296
4274
4297
4275
4298
4276
4299
4277
4300
4278
4301
4279
4302
4303
4904
4281
4304
4282
4305
4283
4306
4284
4307
4285
4308
4286
4309
4287
4310
4288
4311
4289
4312
4290
4313
4291
4314
4292
4315
4293
4316
4294
4317
4295
4318
4296
4319
4297
4320
4298
4321
4299
4322
4300
4323
4301
4324
4302
4325
4303
4326
4327
4920
4305
4328
4306
4329
4307
4330
4308
4331
4309
4332
4310
4333
4311
4334
4312
4335
4313
4336
4314
4337
4315
4338
4316
4339
4317
4340
4318
4341
4319
4342
4320
4343
4321
4344
4322
4345
4323
4346
4324
4347
4325
4348
4326
4349
4327
4350
4351
4936
4329
4352
4330
4353
4331
4354
4332
4355
4333
4356
4334
4357
4335
4358
4336
4359
4337
4360
4338
4361
4339
4362
4340
4363
4341
4364
4342
4365
4343
4366
4344
4367
4345
4368
4346
4369
4347
4370
4348
4371
4349
4372
4350
4373
4351
4374
4375
4952
4353
4376
4354
4377
4355
4378
4356
4379
4357
4380
4358
4381
4359
4382
4360
4383
4361
4384
4362
4385
4363
4386
4364
4387
4365
4388
4366
4389
4367
4390
4368
4391
4369
4392
4370
4393
4371
4394
4372
4395
4373
4396
4374
4397
4375
4398
4399
4968
4377
4400
4378
4401
4379
4402
4380
4403
4381
4404
4382
4405
4383
4406
4384
4407
4385
4408
4386
4409
4387
4410
4388
4411
4389
4412
4390
4413
4391
4414
4392
4415
4393
4416
4394
4417
4395
4418
4396
4419
4397
4420
4398
4421
4399
4422
4423
4984
4401
4424
4402
4425
4403
4426
4404
4427
4405
4428
4406
4429
4407
4430
4408
4431
4409
4432
4410
4433
4411
4434
4412
4435
4413
4436
4414
4437
4415
4438
4416
4439
4417
4440
4418
4441
4419
4442
4420
4443
4421
4444
4422
4445
4423
4446
4447
5000
4425
4448
4426
4449
4427
4450
4428
4451
4429
4452
4430
4453
4431
4454
4432
4455
4433
4456
4434
4457
4435
4458
4436
4459
4437
4460
4438
4461
4439
4462
4440
4463
4441
4464
4442
4465
4443
4466
4444
4467
4445
4468
4446
4469
4447
4470
4471
5016
4449
4472
4450
4473
4451
4474
4452
4475
4453
4476
4454
4477
4455
4478
4456
4479
4457
4480
4458
4481
4459
4482
4460
4483
4461
4484
4462
4485
4463
4486
4464
4487
4465
4488
4466
4489
4467
4490
4468
4491
4469
4492
4470
4493
4471
4494
4495
5032
4473
4496
4474
4497
4475
4498
4476
4499
4477
4500
4478
4501
4479
4502
4480
4503
4481
4504
4482
4505
4483
4506
4484
4507
4485
4508
4486
4509
4487
4510
4488
4511
4489
4512
4490
4513
4491
4514
4492
4515
4493
4516
4494
4517
4495
4518
4519
5048
4497
4520
4498
4521
4499
4522
4500
4523
4501
4524
4502
4525
4503
4526
4504
4527
4505
4528
4506
4529
4507
4530
4508
4531
4509
4532
4510
4533
4511
4534
4512
4535
4513
4536
4514
4537
4515
4538
4516
4539
4517
4540
4518
4541
4519
4542
4543
5064
4521
4544
4522
4545
4523
4546
4524
4547
4525
4548
4526
4549
4527
4550
4528
4551
4529
4552
4530
4553
4531
4554
4532
4555
4533
4556
4534
4557
4535
4558
4536
4559
4537
4560
4538
4561
4539
4562
4540
4563
4541
4564
4542
4565
4543
4566
4567
5080
4545
4568
4546
4569
4547
4570
4548
4571
4549
4572
4550
4573
4551
4574
4552
4575
4553
4576
4554
4577
4555
4578
4556
4579
4557
4580
4558
4581
4559
4582
4560
4583
4561
4584
4562
4585
4563
4586
4564
4587
4565
4588
4566
4589
4567
4590
4591
5096
4569
4592
4570
4593
4571
4594
4572
4595
4573
4596
4574
4597
4575
4598
4576
4599
4577
4600
4578
4601
4579
4602
4580
4603
4581
4604
4582
4605
4583
4606
4584
4607
4585
4608
4586
4609
4587
4610
4588
4611
4589
4612
4590
4613
4591
4614
4615
5112
4593
4616
4594
4617
4595
4618
4596
4619
4597
4620
4598
4621
4599
4622
4600
4623
4601
4624
4602
4625
4603
4626
4604
4627
4605
4628
4606
4629
4607
4630
4608
4631
4609
4632
4610
4633
4611
4634
4612
4635
4613
4636
4614
4637
4615
4638
4639
5128
4617
4640
4618
4641
4619
4642
4620
4643
4621
4644
4622
4645
4623
4646
4624
4647
4625
4648
4626
4649
4627
4650
4628
4651
4629
4652
4630
4653
4631
4654
4632
4655
4633
4656
4634
4657
4635
4658
4636
4659
4637
4660
4638
4661
4639
4662
4663
5144
4641
4664
4642
4665
4643
4666
4644
4667
4645
4668
4646
4669
4647
4670
4648
4671
4649
4672
4650
4673
4651
4674
4652
4675
4653
4676
4654
4677
4655
4678
4656
4679
4657
4680
4658
4681
4659
4682
4660
4683
4661
4684
4662
4685
4663
4686
4687
5160
4665
4688
4666
4689
4667
4690
4668
4691
4669
4692
4670
4693
4671
4694
4672
4695
4673
4696
4674
4697
4675
4698
4676
4699
4677
4700
4678
4701
4679
4702
4680
4703
4681
4704
4682
4705
4683
4706
4684
4707
4685
4708
4686
4709
4687
4710
4711
5176
4689
4712
4690
4713
4691
4714
4692
4715
4693
4716
4694
4717
4695
4718
4696
4719
4697
4720
4698
4721
4699
4722
4700
4723
4701
4724
4702
4725
4703
4726
4704
4727
4705
4728
4706
4729
4707
4730
4708
4731
4709
4732
4710
4733
4711
4734
4735
5192
4713
4736
4714
4737
4715
4738
4716
4739
4717
4740
4718
4741
4719
4742
4720
4743
4721
4744
4722
4745
4723
4746
4724
4747
4725
4748
4726
4749
4727
4750
4728
4751
4729
4752
4730
4753
4731
4754
4732
4755
4733
4756
4734
4757
4735
4758
4759
5208
4737
4760
4738
4761
4739
4762
4740
4763
4741
4764
4742
4765
4743
4766
4744
4767
4745
4768
4746
4769
4747
4770
4748
4771
4749
4772
4750
4773
4751
4774
4752
4775
4753
4776
4754
4777
4755
4778
4756
4779
4757
4780
4758
4781
4759
4782
4783
5224
4761
4784
4762
4785
4763
4786
4764
4787
4765
4788
4766
4789
4767
4790
4768
4791
4769
4792
4770
4793
4771
4794
4772
4795
4773
4796
4774
4797
4775
4798
4776
4799
4777
4800
4778
4801
4779
4802
4780
4803
4781
4804
4782
4805
4783
4806
4807
5240
4785
4808
4786
4809
4787
4810
4788
4811
4789
4812
4790
4813
4791
4814
4792
4815
4793
4816
4794
4817
4795
4818
4796
4819
4797
4820
4798
4821
4799
4822
4800
4823
4801
4824
4802
4825
4803
4826
4804
4827
4805
4828
4806
4829
4807
4830
4831
5256
4809
4832
4810
4833
4811
4834
4812
4835
4813
4836
4814
4837
4815
4838
4816
4839
4817
4840
4818
4841
4819
4842
4820
4843
4821
4844
4822
4845
4823
4846
4824
4847
4825
4848
4826
4849
4827
4850
4828
4851
4829
4852
4830
4853
4831
4854
4855
5272
4833
4834
4835
4836
4837
4838
4839
4840
4841
4842
4843
4844
4845
4846
4847
4848
4849
4850
4851
4852
4853
4854
4855
5288
4857
4872
4858
4873
4859
4874
4860
4875
4861
4876
4862
4877
4863
4878
4864
4879
4865
4880
4866
4881
4867
4882
4868
4883
4869
4884
4870
4885
4871
4886
4887
5304
4873
4888
4874
4889
4875
4890
4876
4891
4877
4892
4878
4893
4879
4894
4880
4895
4881
4896
4882
4897
4883
4898
4884
4899
4885
4900
4886
4901
4887
4902
4903
5332
4889
4904
4890
4905
4891
4906
4892
4907
4893
4908
4894
4909
4895
4910
4896
4911
4897
4912
4898
4913
4899
4914
4900
4915
4901
4916
4902
4917
4903
4918
4919
5360
4905
4920
4906
4921
4907
4922
4908
4923
4909
4924
4910
4925
4911
4926
4912
4927
4913
4928
4914
4929
4915
4930
4916
4931
4917
4932
4918
4933
4919
4934
4935
5388
4921
4936
4922
4937
4923
4938
4924
4939
4925
4940
4926
4941
4927
4942
4928
4943
4929
4944
4930
4945
4931
4946
4932
4947
4933
4948
4934
4949
4935
4950
4951
5416
4937
4952
4938
4953
4939
4954
4940
4955
4941
4956
4942
4957
4943
4958
4944
4959
4945
4960
4946
4961
4947
4962
4948
4963
4949
4964
4950
4965
4951
4966
4967
5444
4953
4968
4954
4969
4955
4970
4956
4971
4957
4972
4958
4973
4959
4974
4960
4975
4961
4976
4962
4977
4963
4978
4964
4979
4965
4980
4966
4981
4967
4982
4983
5472
4969
4984
4970
4985
4971
4986
4972
4987
4973
4988
4974
4989
4975
4990
4976
4991
4977
4992
4978
4993
4979
4994
4980
4995
4981
4996
4982
4997
4983
4998
4999
5500
4985
5000
4986
5001
4987
5002
4988
5003
4989
5004
4990
5005
4991
5006
4992
5007
4993
5008
4994
5009
4995
5010
4996
5011
4997
5012
4998
5013
4999
5014
5015
5528
5001
5016
5002
5017
5003
5018
5004
5019
5005
5020
5006
5021
5007
5022
5008
5023
5009
5024
5010
5025
5011
5026
5012
5027
5013
5028
5014
5029
5015
5030
5031
5556
5017
5032
5018
5033
5019
5034
5020
5035
5021
5036
5022
5037
5023
5038
5024
5039
5025
5040
5026
5041
5027
5042
5028
5043
5029
5044
5030
5045
5031
5046
5047
5584
5033
5048
5034
5049
5035
5050
5036
5051
5037
5052
5038
5053
5039
5054
5040
5055
5041
5056
5042
5057
5043
5058
5044
5059
5045
5060
5046
5061
5047
5062
5063
5612
5049
5064
5050
5065
5051
5066
5052
5067
5053
5068
5054
5069
5055
5070
5056
5071
5057
5072
5058
5073
5059
5074
5060
5075
5061
5076
5062
5077
5063
5078
5079
5640
5065
5080
5066
5081
5067
5082
5068
5083
5069
5084
5070
5085
5071
5086
5072
5087
5073
5088
5074
5089
5075
5090
5076
5091
5077
5092
5078
5093
5079
5094
5095
5668
5081
5096
5082
5097
5083
5098
5084
5099
5085
5100
5086
5101
5087
5102
5088
5103
5089
5104
5090
5105
5091
5106
5092
5107
5093
5108
5094
5109
5095
5110
5111
5696
5097
5112
5098
5113
5099
5114
5100
5115
5101
5116
5102
5117
5103
5118
5104
5119
5105
5120
5106
5121
5107
5122
5108
5123
5109
5124
5110
5125
5111
5126
5127
5724
5113
5128
5114
5129
5115
5130
5116
5131
5117
5132
5118
5133
5119
5134
5120
5135
5121
5136
5122
5137
5123
5138
5124
5139
5125
5140
5126
5141
5127
5142
5143
5752
5129
5144
5130
5145
5131
5146
5132
5147
5133
5148
5134
5149
5135
5150
5136
5151
5137
5152
5138
5153
5139
5154
5140
5155
5141
5156
5142
5157
5143
5158
5159
5780
5145
5160
5146
5161
5147
5162
5148
5163
5149
5164
5150
5165
5151
5166
5152
5167
5153
5168
5154
5169
5155
5170
5156
5171
5157
5172
5158
5173
5159
5174
5175
5808
5161
5176
5162
5177
5163
5178
5164
5179
5165
5180
5166
5181
5167
5182
5168
5183
5169
5184
5170
5185
5171
5186
5172
5187
5173
5188
5174
5189
5175
5190
5191
5836
5177
5192
5178
5193
5179
5194
5180
5195
5181
5196
5182
5197
5183
5198
5184
5199
5185
5200
5186
5201
5187
5202
5188
5203
5189
5204
5190
5205
5191
5206
5207
5864
5193
5208
5194
5209
5195
5210
5196
5211
5197
5212
5198
5213
5199
5214
5200
5215
5201
5216
5202
5217
5203
5218
5204
5219
5205
5220
5206
5221
5207
5222
5223
5892
5209
5224
5210
5225
5211
5226
5212
5227
5213
5228
5214
5229
5215
5230
5216
5231
5217
5232
5218
5233
5219
5234
5220
5235
5221
5236
5222
5237
5223
5238
5239
5920
5225
5240
5226
5241
5227
5242
5228
5243
5229
5244
5230
5245
5231
5246
5232
5247
5233
5248
5234
5249
5235
5250
5236
5251
5237
5252
5238
5253
5239
5254
5255
5948
5241
5256
5242
5257
5243
5258
5244
5259
5245
5260
5246
5261
5247
5262
5248
5263
5249
5264
5250
5265
5251
5266
5252
5267
5253
5268
5254
5269
5255
5270
5271
5976
5257
5272
5258
5273
5259
5274
5260
5275
5261
5276
5262
5277
5263
5278
5264
5279
5265
5280
5266
5281
5267
5282
5268
5283
5269
5284
5270
5285
5271
5286
5287
6004
5273
5288
5274
5289
5275
5290
5276
5291
5277
5292
5278
5293
5279
5294
5280
5295
5281
5296
5282
5297
5283
5298
5284
5299
5285
5300
5286
5301
5287
5302
5303
6032
5289
5290
5291
5292
5293
5294
5295
5296
5297
5298
5299
5300
5301
5302
5303
6060
5305
5332
5306
5333
5307
5334
5308
5335
5309
5336
5310
5337
5311
5338
5312
5339
5313
5340
5314
5341
5315
5342
5316
5343
5317
5344
5318
5345
5319
5346
5320
5347
5321
5348
5322
5349
5323
5350
5324
5351
5325
5352
5326
5353
5327
5354
5328
5355
5329
5356
5330
5357
5331
5358
5359
5333
5360
5334
5361
5335
5362
5336
5363
5337
5364
5338
5365
5339
5366
5340
5367
5341
5368
5342
5369
5343
5370
5344
5371
5345
5372
5346
5373
5347
5374
5348
5375
5349
5376
5350
5377
5351
5378
5352
5379
5353
5380
5354
5381
5355
5382
5356
5383
5357
5384
5358
5385
5359
5386
5387
5361
5388
5362
5389
5363
5390
5364
5391
5365
5392
5366
5393
5367
5394
5368
5395
5369
5396
5370
5397
5371
5398
5372
5399
5373
5400
5374
5401
5375
5402
5376
5403
5377
5404
5378
5405
5379
5406
5380
5407
5381
5408
5382
5409
5383
5410
5384
5411
5385
5412
5386
5413
5387
5414
5415
5389
5416
5390
5417
5391
5418
5392
5419
5393
5420
5394
5421
5395
5422
5396
5423
5397
5424
5398
5425
5399
5426
5400
5427
5401
5428
5402
5429
5403
5430
5404
5431
5405
5432
5406
5433
5407
5434
5408
5435
5409
5436
5410
5437
5411
5438
5412
5439
5413
5440
5414
5441
5415
5442
5443
5417
5444
5418
5445
5419
5446
5420
5447
5421
5448
5422
5449
5423
5450
5424
5451
5425
5452
5426
5453
5427
5454
5428
5455
5429
5456
5430
5457
5431
5458
5432
5459
5433
5460
5434
5461
5435
5462
5436
5463
5437
5464
5438
5465
5439
5466
5440
5467
5441
5468
5442
5469
5443
5470
5471
5445
5472
5446
5473
5447
5474
5448
5475
5449
5476
5450
5477
5451
5478
5452
5479
5453
5480
5454
5481
5455
5482
5456
5483
5457
5484
5458
5485
5459
5486
5460
5487
5461
5488
5462
5489
5463
5490
5464
5491
5465
5492
5466
5493
5467
5494
5468
5495
5469
5496
5470
5497
5471
5498
5499
5473
5500
5474
5501
5475
5502
5476
5503
5477
5504
5478
5505
5479
5506
5480
5507
5481
5508
5482
5509
5483
5510
5484
5511
5485
5512
5486
5513
5487
5514
5488
5515
5489
5516
5490
5517
5491
5518
5492
5519
5493
5520
5494
5521
5495
5522
5496
5523
5497
5524
5498
5525
5499
5526
5527
5501
5528
5502
5529
5503
5530
5504
5531
5505
5532
5506
5533
5507
5534
5508
5535
5509
5536
5510
5537
5511
5538
5512
5539
5513
5540
5514
5541
5515
5542
5516
5543
5517
5544
5518
5545
5519
5546
5520
5547
5521
5548
5522
5549
5523
5550
5524
5551
5525
5552
5526
5553
5527
5554
5555
5529
5556
5530
5557
5531
5558
5532
5559
5533
5560
5534
5561
5535
5562
5536
5563
5537
5564
5538
5565
5539
5566
5540
5567
5541
5568
5542
5569
5543
5570
5544
5571
5545
5572
5546
5573
5547
5574
5548
5575
5549
5576
5550
5577
5551
5578
5552
5579
5553
5580
5554
5581
5555
5582
5583
5557
5584
5558
5585
5559
5586
5560
5587
5561
5588
5562
5589
5563
5590
5564
5591
5565
5592
5566
5593
5567
5594
5568
5595
5569
5596
5570
5597
5571
5598
5572
5599
5573
5600
5574
5601
5575
5602
5576
5603
5577
5604
5578
5605
5579
5606
5580
5607
5581
5608
5582
5609
5583
5610
5611
5585
5612
5586
5613
5587
5614
5588
5615
5589
5616
5590
5617
5591
5618
5592
5619
5593
5620
5594
5621
5595
5622
5596
5623
5597
5624
5598
5625
5599
5626
5600
5627
5601
5628
5602
5629
5603
5630
5604
5631
5605
5632
5606
5633
5607
5634
5608
5635
5609
5636
5610
5637
5611
5638
5639
5613
5640
5614
5641
5615
5642
5616
5643
5617
5644
5618
5645
5619
5646
5620
5647
5621
5648
5622
5649
5623
5650
5624
5651
5625
5652
5626
5653
5627
5654
5628
5655
5629
5656
5630
5657
5631
5658
5632
5659
5633
5660
5634
5661
5635
5662
5636
5663
5637
5664
5638
5665
5639
5666
5667
5641
5668
5642
5669
5643
5670
5644
5671
5645
5672
5646
5673
5647
5674
5648
5675
5649
5676
5650
5677
5651
5678
5652
5679
5653
5680
5654
5681
5655
5682
5656
5683
5657
5684
5658
5685
5659
5686
5660
5687
5661
5688
5662
5689
5663
5690
5664
5691
5665
5692
5666
5693
5667
5694
5695
5669
5696
5670
5697
5671
5698
5672
5699
5673
5700
5674
5701
5675
5702
5676
5703
5677
5704
5678
5705
5679
5706
5680
5707
5681
5708
5682
5709
5683
5710
5684
5711
5685
5712
5686
5713
5687
5714
5688
5715
5689
5716
5690
5717
5691
5718
5692
5719
5693
5720
5694
5721
5695
5722
5723
5697
5724
5698
5725
5699
5726
5700
5727
5701
5728
5702
5729
5703
5730
5704
5731
5705
5732
5706
5733
5707
5734
5708
5735
5709
5736
5710
5737
5711
5738
5712
5739
5713
5740
5714
5741
5715
5742
5716
5743
5717
5744
5718
5745
5719
5746
5720
5747
5721
5748
5722
5749
5723
5750
5751
5725
5752
5726
5753
5727
5754
5728
5755
5729
5756
5730
5757
5731
5758
5732
5759
5733
5760
5734
5761
5735
5762
5736
5763
5737
5764
5738
5765
5739
5766
5740
5767
5741
5768
5742
5769
5743
5770
5744
5771
5745
5772
5746
5773
5747
5774
5748
5775
5749
5776
5750
5777
5751
5778
5779
5753
5780
5754
5781
5755
5782
5756
5783
5757
5784
5758
5785
5759
5786
5760
5787
5761
5788
5762
5789
5763
5790
5764
5791
5765
5792
5766
5793
5767
5794
5768
5795
5769
5796
5770
5797
5771
5798
5772
5799
5773
5800
5774
5801
5775
5802
5776
5803
5777
5804
5778
5805
5779
5806
5807
5781
5808
5782
5809
5783
5810
5784
5811
5785
5812
5786
5813
5787
5814
5788
5815
5789
5816
5790
5817
5791
5818
5792
5819
5793
5820
5794
5821
5795
5822
5796
5823
5797
5824
5798
5825
5799
5826
5800
5827
5801
5828
5802
5829
5803
5830
5804
5831
5805
5832
5806
5833
5807
5834
5835
5809
5836
5810
5837
5811
5838
5812
5839
5813
5840
5814
5841
5815
5842
5816
5843
5817
5844
5818
5845
5819
5846
5820
5847
5821
5848
5822
5849
5823
5850
5824
5851
5825
5852
5826
5853
5827
5854
5828
5855
5829
5856
5830
5857
5831
5858
5832
5859
5833
5860
5834
5861
5835
5862
5863
5837
5864
5838
5865
5839
5866
5840
5867
5841
5868
5842
5869
5843
5870
5844
5871
5845
5872
5846
5873
5847
5874
5848
5875
5849
5876
5850
5877
5851
5878
5852
5879
5853
5880
5854
5881
5855
5882
5856
5883
5857
5884
5858
5885
5859
5886
5860
5887
5861
5888
5862
5889
5863
5890
5891
5865
5892
5866
5893
5867
5894
5868
5895
5869
5896
5870
5897
5871
5898
5872
5899
5873
5900
5874
5901
5875
5902
5876
5903
5877
5904
5878
5905
5879
5906
5880
5907
5881
5908
5882
5909
5883
5910
5884
5911
5885
5912
5886
5913
5887
5914
5888
5915
5889
5916
5890
5917
5891
5918
5919
5893
5920
5894
5921
5895
5922
5896
5923
5897
5924
5898
5925
5899
5926
5900
5927
5901
5928
5902
5929
5903
5930
5904
5931
5905
5932
5906
5933
5907
5934
5908
5935
5909
5936
5910
5937
5911
5938
5912
5939
5913
5940
5914
5941
5915
5942
5916
5943
5917
5944
5918
5945
5919
5946
5947
5921
5948
5922
5949
5923
5950
5924
5951
5925
5952
5926
5953
5927
5954
5928
5955
5929
5956
5930
5957
5931
5958
5932
5959
5933
5960
5934
5961
5935
5962
5936
5963
5937
5964
5938
5965
5939
5966
5940
5967
5941
5968
5942
5969
5943
5970
5944
5971
5945
5972
5946
5973
5947
5974
5975
5949
5976
5950
5977
5951
5978
5952
5979
5953
5980
5954
5981
5955
5982
5956
5983
5957
5984
5958
5985
5959
5986
5960
5987
5961
5988
5962
5989
5963
5990
5964
5991
5965
5992
5966
5993
5967
5994
5968
5995
5969
5996
5970
5997
5971
5998
5972
5999
5973
6000
5974
6001
5975
6002
6003
5977
6004
5978
6005
5979
6006
5980
6007
5981
6008
5982
6009
5983
6010
5984
6011
5985
6012
5986
6013
5987
6014
5988
6015
5989
6016
5990
6017
5991
6018
5992
6019
5993
6020
5994
6021
5995
6022
5996
6023
5997
6024
5998
6025
5999
6026
6000
6027
6001
6028
6002
6029
6003
6030
6031
6005
6032
6006
6033
6007
6034
6008
6035
6009
6036
6010
6037
6011
6038
6012
6039
6013
6040
6014
6041
6015
6042
6016
6043
6017
6044
6018
6045
6019
6046
6020
6047
6021
6048
6022
6049
6023
6050
6024
6051
6025
6052
6026
6053
6027
6054
6028
6055
6029
6056
6030
6057
6031
6058
6059
6033
6060
6034
6061
6035
6062
6036
6063
6037
6064
6038
6065
6039
6066
6040
6067
6041
6068
6042
6069
6043
6070
6044
6071
6045
6072
6046
6073
6047
6074
6048
6075
6049
6076
6050
6077
6051
6078
6052
6079
6053
6080
6054
6081
6055
6082
6056
6083
6057
6084
6058
6085
6059
6086
6087
6061
6062
6063
6064
6065
6066
6067
6068
6069
6070
6071
6072
6073
6074
6075
6076
6077
6078
6079
6080
6081
6082
6083
6084
6085
6086
6087
)


// ************************************************************************* //
