/*--------------------------------*- C++ -*----------------------------------*\
| =========                 |                                                 |
| \\      /  F ield         | OpenFOAM: The Open Source CFD Toolbox           |
|  \\    /   O peration     | Version:  v2512                                 |
|   \\  /    A nd           | Website:  www.openfoam.com                      |
|    \\/     M anipulation  |                                                 |
\*---------------------------------------------------------------------------*/
FoamFile
{
    version     2.0;
    format      ascii;
    class       dictionary;
    object      blockMeshDict;
}
// * * * * * * * * * * * * * * * * * * * * * * * * * * * * * * * * * * * * * //

scale   1;

vertices
(
    // z = 0
    (0    0      0) // 0
    (1.08 0      0) // 1
    (1.20 0      0) // 2
    (1.24 0      0) // 3
    (1.36 0      0) // 4
    (2.50 0      0) // 5

    (0    0.005  0) // 6
    (1.08 0.005  0) // 7
    (1.20 0.005  0) // 8
    (1.24 0.005  0) // 9
    (1.36 0.005  0) // 10
    (2.50 0.005  0) // 11

    (0    0.020  0) // 12
    (1.08 0.020  0) // 13
    (1.20 0.020  0) // 14
    (1.24 0.020  0) // 15
    (1.36 0.020  0) // 16
    (2.50 0.020  0) // 17

    (0    0.150  0) // 18
    (1.08 0.150  0) // 19
    (1.20 0.150  0) // 20
    (1.24 0.150  0) // 21
    (1.36 0.150  0) // 22
    (2.50 0.150  0) // 23

    (0    0.450  0) // 24
    (1.08 0.450  0) // 25
    (1.20 0.450  0) // 26
    (1.24 0.450  0) // 27
    (1.36 0.450  0) // 28
    (2.50 0.450  0) // 29

    (0    1.200  0) // 30
    (1.08 1.200  0) // 31
    (1.20 1.200  0) // 32
    (1.24 1.200  0) // 33
    (1.36 1.200  0) // 34
    (2.50 1.200  0) // 35

    // z = 0.01
    (0    0      0.01) // 36
    (1.08 0      0.01) // 37
    (1.20 0      0.01) // 38
    (1.24 0      0.01) // 39
    (1.36 0      0.01) // 40
    (2.50 0      0.01) // 41

    (0    0.005  0.01) // 42
    (1.08 0.005  0.01) // 43
    (1.20 0.005  0.01) // 44
    (1.24 0.005  0.01) // 45
    (1.36 0.005  0.01) // 46
    (2.50 0.005  0.01) // 47

    (0    0.020  0.01) // 48
    (1.08 0.020  0.01) // 49
    (1.20 0.020  0.01) // 50
    (1.24 0.020  0.01) // 51
    (1.36 0.020  0.01) // 52
    (2.50 0.020  0.01) // 53

    (0    0.150  0.01) // 54
    (1.08 0.150  0.01) // 55
    (1.20 0.150  0.01) // 56
    (1.24 0.150  0.01) // 57
    (1.36 0.150  0.01) // 58
    (2.50 0.150  0.01) // 59

    (0    0.450  0.01) // 60
    (1.08 0.450  0.01) // 61
    (1.20 0.450  0.01) // 62
    (1.24 0.450  0.01) // 63
    (1.36 0.450  0.01) // 64
    (2.50 0.450  0.01) // 65

    (0    1.200  0.01) // 66
    (1.08 1.200  0.01) // 67
    (1.20 1.200  0.01) // 68
    (1.24 1.200  0.01) // 69
    (1.36 1.200  0.01) // 70
    (2.50 1.200  0.01) // 71
);

blocks
(
    // y = 0 ~ 0.005
    hex (0 1 7 6 36 37 43 42)      (70 8 1) simpleGrading (1 1 1)
    hex (1 2 8 7 37 38 44 43)      (64 8 1) simpleGrading (1 1 1)
    hex (2 3 9 8 38 39 45 44)      (24 8 1) simpleGrading (1 1 1)
    hex (3 4 10 9 39 40 46 45)     (72 8 1) simpleGrading (1 1 1)
    hex (4 5 11 10 40 41 47 46)    (75 8 1) simpleGrading (1 1 1)

    // y = 0.005 ~ 0.020
    hex (6 7 13 12 42 43 49 48)    (70 18 1) simpleGrading (1 1 1)
    hex (7 8 14 13 43 44 50 49)    (64 18 1) simpleGrading (1 1 1)
    hex (8 9 15 14 44 45 51 50)    (24 18 1) simpleGrading (1 1 1)
    hex (9 10 16 15 45 46 52 51)   (72 18 1) simpleGrading (1 1 1)
    hex (10 11 17 16 46 47 53 52)  (75 18 1) simpleGrading (1 1 1)

    // y = 0.020 ~ 0.150
    hex (12 13 19 18 48 49 55 54)  (70 65 1) simpleGrading (1 1 1)
    hex (13 14 20 19 49 50 56 55)  (64 65 1) simpleGrading (1 1 1)
    hex (14 15 21 20 50 51 57 56)  (24 65 1) simpleGrading (1 1 1)
    hex (15 16 22 21 51 52 58 57)  (72 65 1) simpleGrading (1 1 1)
    hex (16 17 23 22 52 53 59 58)  (75 65 1) simpleGrading (1 1 1)

    // y = 0.150 ~ 0.450
    hex (18 19 25 24 54 55 61 60)  (70 60 1) simpleGrading (1 1 1)
    hex (19 20 26 25 55 56 62 61)  (64 60 1) simpleGrading (1 1 1)
    hex (20 21 27 26 56 57 63 62)  (24 60 1) simpleGrading (1 1 1)
    hex (21 22 28 27 57 58 64 63)  (72 60 1) simpleGrading (1 1 1)
    hex (22 23 29 28 58 59 65 64)  (75 60 1) simpleGrading (1 1 1)

    // y = 0.450 ~ 1.200
    hex (24 25 31 30 60 61 67 66)  (70 35 1) simpleGrading (1 1 1)
    hex (25 26 32 31 61 62 68 67)  (64 35 1) simpleGrading (1 1 1)
    hex (26 27 33 32 62 63 69 68)  (24 35 1) simpleGrading (1 1 1)
    hex (27 28 34 33 63 64 70 69)  (72 35 1) simpleGrading (1 1 1)
    hex (28 29 35 34 64 65 71 70)  (75 35 1) simpleGrading (1 1 1)
);

edges
(
);

boundary
(

    leftWall
    {
        type wall;
        faces
        (
            (0 36 42 6)
            (6 42 48 12)
            (12 48 54 18)
            (18 54 60 24)
            (24 60 66 30)
        );
    }

    bottomWall
    {
        type wall;
        faces
        (
            (0 1 37 36)
            (1 2 38 37)
            (2 3 39 38)
            (3 4 40 39)
            (4 5 41 40)
        );
    }

    outlet
    {
        type patch;
        faces
        (
            (5 11 47 41)
            (11 17 53 47)
            (17 23 59 53)
            (23 29 65 59)
            (29 35 71 65)
        );
    }

    atmosphere
    {
        type patch;
        faces
        (
            (30 66 67 31)
            (31 67 68 32)
            (32 68 69 33)
            (33 69 70 34)
            (34 70 71 35)
        );
    }

    frontAndBack
    {
        type empty;
        faces
        (
            // z = 0
            (0 6 7 1)
            (1 7 8 2)
            (2 8 9 3)
            (3 9 10 4)
            (4 10 11 5)

            (6 12 13 7)
            (7 13 14 8)
            (8 14 15 9)
            (9 15 16 10)
            (10 16 17 11)

            (12 18 19 13)
            (13 19 20 14)
            (14 20 21 15)
            (15 21 22 16)
            (16 22 23 17)

            (18 24 25 19)
            (19 25 26 20)
            (20 26 27 21)
            (21 27 28 22)
            (22 28 29 23)

            (24 30 31 25)
            (25 31 32 26)
            (26 32 33 27)
            (27 33 34 28)
            (28 34 35 29)

            // z = 0.01
            (36 37 43 42)
            (37 38 44 43)
            (38 39 45 44)
            (39 40 46 45)
            (40 41 47 46)

            (42 43 49 48)
            (43 44 50 49)
            (44 45 51 50)
            (45 46 52 51)
            (46 47 53 52)

            (48 49 55 54)
            (49 50 56 55)
            (50 51 57 56)
            (51 52 58 57)
            (52 53 59 58)

            (54 55 61 60)
            (55 56 62 61)
            (56 57 63 62)
            (57 58 64 63)
            (58 59 65 64)

            (60 61 67 66)
            (61 62 68 67)
            (62 63 69 68)
            (63 64 70 69)
            (64 65 71 70)
        );
    }
);

mergePatchPairs
(
);


// ************************************************************************* //
